title / 1,395,396

subtitle / 2

scene_title / 3,36,259,397,898,1330,1725,2374,2797,3158,3263,3417,3496,3733,3803,4013,4055,4236,4279,4465,4531,4568,4773,4849,

character_list / 37,260,261,1021,1726,4280,4466,4601,4775,4852,

stage_direction / 389,398,476,494,508,531,532,576,582,587,681,818,899,1071,1118,1140,1329,1331,1379,1415,1481,2099,2103,2105,2123,2293,2337,2340,2344,2375,2385,2408,2428,2444,2452,2493,2533,2549,2574,2648,2660,2670,2677,2680,2692,2702,2706,2718,2747,2722,2742,2752,2762,2766,2787,2798,2799,2850,2853,2870,2878,2888,2924,2926,2947,2951,2955,2973,2979,2986,2988,2995,3035,3053,3062,3073,3074,3124,3130,3131,3155,3159,3166,3178,3256,3262,3264,3266,3273,3274,3281,3291,3307,3350,3359,3368,3393,3407,3418,3490,3495,3504,3507,3540,3545,3549,3698,3704,3734,3804,3805,3816,3822,3839,3906,3932,3957,3966,3975,3981,3993,4014,4017,4020,4022,4024,4025,4033,4046,4054,4091,4140,4238,4429,4430,4467,4518,4520,4532,4534,4642,4659,4686,4715,4772,4774,4803,4848,5067,5135,5161,5261,5271,

entrance / 819

slugline / 4569,4850,

stanza_start / 4

stanza_end / 11,19,27,35,64,73,81,96,112,117,144,169,196,211,228,246,258,270,279,288,293,316,320,324,326,328,330,339,344,348,352,358,366,373,388,394,431,443,455,463,475,493,501,507,530,534,536,540,542,556,559,569,572,575,581,586,594,597,602,615,618,629,638,643,648,661,664,673,680,686,694,703,714,720,732,736,766,770,782,800,817,825,833,842,848,872,885,897,901,903,905,907,909,911,913,917,921,923,925,930,933,938,943,950,955,962,971,980,985,990,995,1000,1008,1020,1060,1069,1079,1087,1095,1103,1114,1117,1133,1136,1139,1152,1187,1196,1233,1244,1261,1283,1285,1287,1289,1292,1297,1300,1303,1306,1308,1312,1314,1320,1323,1328,1340,1348,1356,1378,1393,1414,1427,1434,1440,1449,1455,1460,1461,1467,1479,1482,1485,1488,1490,1495,1501,1504,1506,1514,1516,1530,1534,1552,1559,1563,1569,1573,1578,1582,1586,1590,1592,1596,1600,1607,1610,1613,1618,1623,1626,1638,1698,1709,1719,1724,1728,1730,1732,1734,1736,1749,1778,1780,1787,1790,1792,1794,1819,1840,1849,1863,1865,1867,1873,1878,1890,1895,1909,1914,1922,1924,1934,1936,1941,1946,1965,1970,1973,1975,1995,2001,2013,2023,2025,2044,2048,2053,2060,2079,2081,2091,2093,2098,2102,2122,2128,2132,2138,2140,2148,2155,2158,2161,2166,2169,2174,2209,2211,2215,2218,2235,2240,2242,2244,2255,2259,2270,2272,2280,2289,2292,2319,2321,2324,2328,2330,2334,2336,2339,2343,2346,2351,2358,2361,2364,2373,2380,2383,2386,2388,2390,2394,2397,2400,2403,2405,2407,2410,2420,2423,2425,2427,2431,2443,2451,2459,2461,2469,2471,2479,2481,2485,2487,2492,2504,2508,2511,2513,2519,2521,2523,2525,2528,2530,2532,2534,2538,2540,2543,2548,2551,2553,2555,2560,2562,2564,2566,2568,2570,2573,2576,2579,2588,2593,2602,2610,2613,2615,2617,2619,2621,2624,2626,2630,2632,2637,2639,2641,2644,2646,2649,2651,2653,2655,2658,2661,2663,2665,2668,2675,2679,2681,2684,2689,2691,2699,2700,2703,2705,2709,2711,2713,2716,2719,2721,2723,2726,2728,2730,2733,2735,2738,2740,2743,2746,2751,2754,2756,2758,2761,2765,2768,2770,2772,2774,2777,2779,2782,2786,2788,2790,2792,2794,2796,2810,2815,2817,2829,2833,2835,2838,2849,2852,2854,2858,2860,2862,2864,2866,2869,2872,2874,2876,2884,2887,2903,2915,2918,2920,2923,2938,2946,2949,2954,2958,2962,2966,2969,2972,2978,2985,2994,3003,3007,3019,3022,3024,3026,3034,3038,3041,3043,3047,3052,3055,3060,3067,3072,3087,3089,3103,3110,3115,3122,3129,3133,3135,3138,3141,3148,3151,3154,3157,3162,3165,3177,3180,3182,3184,3191,3193,3199,3206,3210,3214,3223,3225,3231,3236,3241,3243,3249,3251,3253,3255,3261,3272,3276,3278,3280,3290,3306,3315,3319,3323,3327,3329,3331,3339,3341,3349,3358,3367,3372,3376,3380,3384,3388,3392,3406,3416,3421,3424,3427,3430,3459,3462,3469,3471,3476,3480,3482,3487,3489,3494,3503,3506,3509,3511,3517,3520,3522,3524,3527,3536,3542,3544,3548,3550,3552,3557,3560,3564,3568,3570,3574,3577,3579,3581,3584,3586,3588,3593,4079,4242,4246,4250,4254,4258,4262,4266,4270,4537,4540,4543,4549,4555,4559,4563,4567,4596,4650,4731,4741,4899,4904,4912,4929,

speech_heading / 38,65,82,97,113,118,145,170,197,212,229,262,271,280,289,294,317,321,325,327,329,331,340,345,349,353,359,367,374,390,399,533,535,537,541,543,557,560,570,573,577,588,595,598,603,616,619,630,639,644,649,662,665,674,682,820,826,834,843,849,873,886,900,902,904,906,908,910,912,914,918,922,924,926,931,934,939,944,951,956,963,972,981,986,991,996,1001,1022,1061,1070,1104,1115,1119,1134,1137,1141,1153,1188,1197,1234,1245,1262,1284,1286,1288,1290,1293,1298,1301,1304,1307,1309,1313,1315,1321,1324,1428,1480,1483,1486,1489,1491,1496,1502,1505,1507,1515,1517,1531,1535,1553,1560,1564,1570,1574,1579,1583,1587,1591,1593,1597,1601,1608,1611,1614,1619,1624,1627,1639,1699,1720,1727,1729,1731,1733,1735,1737,1750,1779,1781,1788,1791,1793,1795,1820,1841,1864,1866,1868,1874,1879,1891,1896,1910,1915,1923,1925,1935,1937,1942,1947,1966,1971,1974,1976,1996,2002,2014,2024,2026,2045,2049,2054,2061,2080,2082,2092,2094,2104,2124,2129,2133,2139,2141,2149,2156,2159,2162,2167,2170,2175,2210,2212,2216,2219,2236,2241,2243,2245,2256,2260,2271,2273,2281,2290,2320,2322,2325,2329,2331,2335,2338,2341,2345,2347,2352,2359,2362,2365,2376,2381,2384,2387,2389,2391,2395,2398,2401,2404,2406,2411,2421,2424,2426,2432,2460,2462,2470,2472,2480,2482,2486,2488,2494,2505,2509,2512,2514,2520,2522,2524,2526,2529,2531,2535,2539,2541,2544,2550,2552,2554,2556,2561,2563,2565,2567,2569,2571,2577,2580,2589,2594,2611,2614,2616,2618,2620,2622,2625,2627,2631,2633,2638,2640,2642,2645,2647,2650,2652,2654,2656,2659,2662,2664,2666,2669,2671,2676,2682,2685,2690,2693,2701,2704,2707,2710,2712,2714,2717,2720,2724,2727,2729,2731,2734,2736,2739,2741,2744,2748,2753,2755,2757,2759,2763,2767,2769,2771,2773,2775,2778,2780,2783,2789,2791,2793,2795,2800,2811,2816,2818,2830,2834,2836,2839,2855,2859,2861,2863,2865,2867,2873,2875,2877,2885,2889,2904,2916,2919,2921,2925,2939,2950,2959,2963,2967,2970,2974,2987,3004,3008,3020,3023,3025,3027,3036,3039,3042,3044,3048,3056,3061,3063,3068,3088,3090,3104,3111,3116,3123,3125,3132,3134,3136,3139,3142,3149,3152,3160,3163,3167,3179,3181,3183,3185,3192,3194,3200,3207,3211,3215,3224,3226,3232,3237,3242,3244,3250,3252,3254,3257,3265,3275,3277,3279,3282,3328,3330,3332,3340,3342,3360,3419,3422,3425,3428,3431,3460,3463,3470,3472,3477,3481,3483,3488,3491,3497,3508,3510,3512,3518,3521,3523,3525,3528,3537,3539,3541,3543,3546,3551,3553,3558,3561,3565,3569,3571,3575,3578,3580,3582,3585,3587,3589,3594,3596,3600,3605,3610,3613,3616,3618,3622,3624,3626,3628,3637,3639,3641,3643,3650,3653,3663,3665,3671,3675,3680,3687,3693,3695,3700,3702,3706,3708,3714,3720,3722,3726,3728,3730,3735,3737,3743,3745,3747,3749,3753,3755,3758,3760,3771,3773,3778,3780,3785,3794,3796,3806,3813,3817,3823,3825,3829,3835,3837,3840,3845,3848,3850,3855,3858,3860,3877,3879,3891,3893,3907,3910,3913,3916,3919,3921,3923,3925,3927,3929,3933,3936,3938,3942,3953,3955,3958,3960,3962,3964,3967,3969,3971,3973,3977,3982,3984,3992,3994,3996,3998,4006,4009,4011,4015,4021,4027,4029,4031,4035,4037,4039,4042,4044,4047,4056,4092,4097,4100,4108,4111,4124,4129,4142,4144,4176,4178,4180,4185,4188,4193,4196,4198,4206,4227,4237,4281,4283,4285,4289,4293,4295,4297,4300,4302,4306,4312,4314,4343,4347,4352,4356,4358,4361,4363,4369,4371,4378,4380,4391,4393,4400,4402,4404,4408,4414,4419,4422,4424,4431,4433,4435,4442,4449,4452,4454,4461,4463,4468,4470,4472,4476,4478,4481,4483,4495,4497,4506,4508,4512,4514,4519,4533,4570,4602,4608,4618,4621,4626,4629,4632,4635,4664,4666,4668,4673,4675,4677,4679,4681,4684,4688,4694,4696,4698,4700,4702,4704,4706,4708,4710,4722,4724,4756,4759,4764,4766,4776,4795,4800,4804,4813,4819,4823,4829,4834,4838,4844,4846,4852,4856,4867,4880,4884,4888,4894,4936,4941,4958,4963,4966,4985,4992,4995,5000,5002,5006,5009,5012,5017,5022,5017,5022,5027,5029,5033,5038,5040,5042,5047,5052,5057,5062,5068,5075,5077,5087,5092,5096,5101,5121,5124,5140,5145,5150,5155,5160,5166,5181,5186,5189,5192,5194,5197,5199,5205,5208,5211,5216,5221,5226,5231,5236,5238,5248,5255,5257,5266,5274,5277,5281,5283,5285,5292,5299,5304,5307,5313,5323,5331,
