title / 1,395,396

subtitle / 2

scene_title / 3,36,259,397,898

character_list / 37,260,261

stage_direction / 389,398,476,494,508,531,532,576,582,587,681,818,

entrance / 819

stanza_start / 4

stanza_end / 11,19,27,35,64,73,81,96,112,117,144,169,196,211,228,246,258,270,279,288,293,316,320,324,326,328,330,339,344,348,352,358,366,373,388,394,431,443,455,463,475,493,501,507,530,534,536,540,542,556,559,569,572,575,581,586,594,597,602,615,618,629,638,643,648,661,664,673,680,686,694,703,714,720,732,736,766,770,782,800,817,825,833,842,848,872,885,897

speech_heading / 38,65,82,97,113,118,145,170,197,212,229,262,271,280,289,294,317,321,325,327,329,331,340,345,349,353,359,367,374,390,399,533,535,537,541,543,557,560,570,573,577,588,595,598,603,616,619,630,639,644,649,662,665,674,682,820,826,834,843,849,873,886
